00000000000000000000000000000000000000000000000000000000000000000000000000000000000000000000000000000000000000000000000000000000000000000000000000000000000000000000000000000000000000000000000000000000
00000000000000000000000000000000000000000000000000000000000000000000000000000000000000000000000000000000000000000000000000000000000000000000000000000000000000000000000000000000000000000000000000000000
00000000000000000000000000000000000000000000000000000000000000000000000000000000000000000000000000000000000000000000000000000000000000000000000000000000000000000000000000000000000000000000000000000000
00000000000000000000000000000000000000000000000000000000000000000000000000000000000000000000000000000000000000000000000000000000000000000000000000000000000000000000000000000000000000000000000000000000
00000000000000000000000000000000000000000000000000000000000000000000000000000000000000000000000000000000000000000000000000000000000000000000000000000000000000000000000000000000000000000000000000000000
00000000000000000000000000000000000000000000000000000000000000000000000000000000000000000000000000000000000000000000000000000000000000000000000000000000000000000000000000000000000000000000000000000000
00000000000000000000000000000000000000000000000000000000000000000000000000000000000000000000000000000000000000000000000000000000000000000000000000000000000000000000000000000000000000000000000000000000
00000000000000000000000000000000000000000000000000000000000000000000000000000000000000000000000000000000000000000000000000000000000000000000000000000000000000000000000000000000000000000000000000000000
00000000000000000000000000000000000000000000000000000000000000000000000000000000000000000000000000000000000000000000000000000000000000000000000000000000000000000000000000000000000000000000000000000000
00000000000000000000000000000000000000000000000000000000000000000000000000000000000000000000000000000000000000000000000000000000000000000000000000000000000000000000000000000000000000000000000000000000
00000000000000000000000000000000000000000000000000000000000000000000000000000000000000000000000000000000000000000000000000000000000000000000000000000000000000000000000000000000000000000000000000000000
00000000000000000000000000000000000000000000000000000000000000000000000000000000000000000000000000000000000000000000000000000000000000000000000000000000000000000000000000000000000000000000000000000000
00000000000000000000000000000000000000000000000000000000000000000000000000000000000000000000000000000000000000000000000000000000000000000000000000000000000000000000000000000000000000000000000000000000
00000000000000000000000000000000000000000000000000000000000000000000000000000000000000000000000000000000000000000000000000000000000000000000000000000000000000000000000000000000000000000000000000000000
00000000000000000000000000000000000000000000000000000000000000000000000000000000000000000000000000000000000000000000000000000000000000000000000000000000000000000000000000000000000000000000000000000000
00000000000000000000000000000000000000000000000000000000000000000000000000000000000000000000000000000000000000000000000000000000000000000000000000000000000000000000000000000000000000000000000000000000
00000000000000000000000000000000000000000000000000000000000000000000000000000000000000000000000000000000000000000000000000000000000000000000000000000000000000000000000000000000000000000000000000000000
00000000000000000000000000000000000000000000000000000000000000000000000000000000000000000000000000000000000000000000000000000000000000000000000000000000000000000000000000000000000000000000000000000000
00000000000000000000000000000000000000000000000000000000000000000000000000000000000000000000000000000000000000000000000000000000000000000000000000000000000000000000000000000000000000000000000000000000
00000000000000000000000000000000000000000000000000000000000000000000000000000000000000000000000000000000000000000000000000000000000000000000000000000000000000000000000000000000000000000000000000000000
00000000000000000000000000000000000000000000000000000000000000000000000000000000000000000000000000000000000000000000000000000000000000000000000000000000000000000000000000000000000000000000000000000000
00000000000000000000000000000000000000000000000000000000000000000000000000000000000000000000000000000000000000000000000000000000000000000000000000000000000000000000000000000000000000000000000000000000
00000000000000000000000000000000000000000000000000000000000000000000000000000000000000000000000000000000000000000000000000000000000000000000000000000000000000000000000000000000000000000000000000000000
00000000000000000000000000000000000000000000000000000000000000000000000000000000000000000000000000000000000000000000000000000000000000000000000000000000000000000000000000000000000000000000000000000000
00000000000000000000000000000000000000000000000000000000000000000000000000000000000000000000000000000000000000000000000000000000000000000000000000000000000000000000000000000000000000000000000000000000
00000000000000000000000000000000000000000000000000000000000000000000000000000000000000000000000000000000010000000000000000000000000000000000000000000000000000000000000000000000000000000000000000000000
00000000000000000000000000000000000000000000000000000000000000000000000000001100000000000000000000000001111100000000000000000000000000000000000000000000000000000000000000000000000000000000000000000000
00000000000000000000000000000000000000000000000000000000000000000000000000111111000000000000000000000001111110000000000000000000000000000000000000000000000000000000000000000000000000000000000000000000
00000000000000000000000000000000000000000000000000000000000000000000000001111111100000000000000000000001111111110000000000000000000000000000000000000000000000000000000000000000000000000000000000000000
00000000000000000000000000000000000000000000000000000000000000000000000011111111100000000000000000000000111111111111100000000000000000000000000000000000000000000000000000000000000000000000000000000000
00000000000000000000000000000000000000000000000000000000000000000000000111111111110000000000000000000000011111111111111111110000000000000000000000000000000000000000000000000000000000000000000000000000
00000000000000000000000000000000000000000000000000000000000000000000001111111111110000000000000000000000011111111111111111111000000000000000000000000000000000000000000000000000000000000000000000000000
00000000000000000000000000000000000000000000000000000000000000000000011111111111110000000000000000000000011111111111111111111000000000000000000000000000000000000000000000000000000000000000000000000000
00000000000000000000000000000000000000000000000000000000000000000000111111111111110000000000000000000000001111111111111111111000000000000000000000000000000000000000000000000000000000000000000000000000
00000000000000000000000000000000000000000000000000000000000000000001111111111111100000000000000000000000011111111111111111111000000000000000000000000000000000000000000000000000000000000000000000000000
00000000000000000000000000000000000000000000000000000000000000000011111111111111100000000000000000000000011111111111111111111000000000000000000000000000000000000000000000000000000000000000000000000000
00000000000000000000000000000000000000000000000000000000000000000111111111111111100000000000000000000000011111111111111111110000000000000000000000000000000000000000000000000000000000000000000000000000
00000000000000000000000000000000000000000000000000000000000000001111111111111111100000000000000000000001111111111221111111110000000000000000000000000000000000000000000000000000000000000000000000000000
00000000000000000000000000000000000000000000000000000000000000001111112221111111110000000000000001111111111111112221111111100000000000000000000000000000000000000000000000000000000000000000000000000000
00000000000000000000000000000000000000000000000000000000000000011111122222111111110000000000000111111111111111122211111111100000000000000000000000000000000000000000000000000000000000000000000000000000
00000000000000000000000000000000000000000000000000000000000000011111222222111111111000000000011111111111111111222211111111000000000111111000000000000000000000000000000000000000000000000000000000000000
00000000000000000000000000000000000000000000000000000000000000011111222222211111111100000001111111111111111122222211111111000000001111111110000000000000000000000000000000000000000000000000000000000000
00000000000000000000000000000000000000000000000000000000000000111112222222211111111100000011111111111111112222222211111110000000001111111111000000000000000000000000000000000000000000000000000000000000
00000000000000000000000000000000000000000000000000000000000000111112222222211111111110001111111111111111222222222211111110000000011111111111100000000000000000000000000000000000000000000000000000000000
00000000000000000000000000000000000000000000000000000000000001111112222222211111111111111111111112222222222222222211111111000000011111111111110000000000000000000000000000000000000000000000000000000000
00000000000000000000000000000000000000000000000000000000000011111122222222211111111111111111111122222222222222222211111111000000111111111111110000000000000000000000000000000000000000000000000000000000
00000000000000000000000000000000000000000000000000000000000111111122222222111111111111111111111222222222222222222211111111100001111111111111110000000000000000000000000000000000000000000000000000000000
00000000000000000000000000000000000000000000000000000000001111111222222221111111111111111111112222222222222222222221111111111111111111111111110000000000000000000000000000000000000000000000000000000000
00000000000000000000000000000000000000000000000000000000011111112222222211111111111111111111122222222222222222222222111111111111111111111111110000000000000000000000000000000000000000000000000000000000
00000000000000000000000000000000000000000000000000000000111111122222222111111111111111111111222222222222111222222222211111111111111111111111110000000000000000000000000000000000000000000000000000000000
00000000000000000000000000000000000000000000000000000000111111222222211111111111111111111122222222222211111111222222222111111111111111111111110000000000000000000000000000000000000000000000000000000000
00000000000000000000000000000000000000000000000000000001111111222222111111111111111111111222222222222111111111122222222221111111112221111111100000000000000000000000000000000000000000000000000000000000
00000000000000000000000000000000000000000000000000000001111112222222111111111111111111122222222222221111111111112222222222222222222222111111100000000000000000000000000000000000000000000000000000000000
00000000000000000000000000000000000000000000000000000011111122222221111111111111111111222233333222221111111111112222222222222222222222111111100000000000000000000000000000000000000000000000000000000000
00000000000000000000000000000000000000000000000000000011111122222211111111111111111112223333333322221111111111112222222222222222222222211111100000000000000000000000000000000000000000000000000000000000
00000000000000000000000000000000000000000000000000000011111122222211111111111111111122233333333322221111111111112222233322222222222222211111100000000000000000000000000000000000000000000000000000000000
00000000000000000000000000000000000000000000000000000011111112222111111111111111111222333333333332222111111111112222233333222233332222211111100000000000000000000000000000000000000000000000000000000000
00000000000000000000000000000000000000000000000000000011111111111111111111111111122233333333333333222211111111112222233333223333333322221111110000000000000000000000000011000000000000000000000000000000
00000000000000000000000000000000000000000000000000000011111111111111111111111111222333333333333333322221111111112222233332222333333332222111111000000000000000000000000111000000000000000000000000000000
00000000000000000000000000000000000000000000000000000011111111111111111111111112223333334444433333332222111111112222222222222233333333222211111000000000000000000000001111100000000000000000000000000000
00000000000000000000000000000000000000000000000000000011111111111111111111111122233333344444443333333222221111112222222222222223333333322221111100000000000000000000001111100000000000000000000000000000
00000000000000000000000000000000000000000000000000000011111111111111111111111222333333444444444433333332222211112222222222222223333333332222111110000000000000000000011111110000000000000000000000000000
00000000000000000000000000000000001111100000000000000011111111111111111111112223333334445555544443333333222222222222222222222223333333333222211111000000000000000000011111110000000000000000000000000000
00000000000000000000000000000000011111111100000000000001111111111111111111222233333344455555554443333333322222222222222222222222333333333322211111000000000000000000011111110000000000000000000000000000
00000000000000000000000000000000111111111111100000000000111111111111111112223333333444555555555444333333333222222222222222222222233333333332221111100000000000000000001111100000000000000000000000000000
00000000000000000000000000000000111111111111111100000000001111111111111122233333334445555555555444433333333322222222222221112222233333333332221111100000000000000000000011000000000000000000000000000000
00000000000000000000000000000000111111111111111110000000000011111111111222333333444445555555555444443333333333222222222211111222223333333332222111110000000000000000000000000000000000000000000000000000
00000000000000000000000000000000111111111111111111000000000000111111112223333344444455555555555444444333333333332222222211111112222233333322222111111000000000000000000000000000000000000000000000000000
00000000000000000000000000000000111112222211111111100000000000011111112233333444444555555555554444444443333333333322222221111111222222222222222111111100000000000000000000000000000000000000000000000000
00000000000000000000000000000000111112222222111111110000000000011111122333334444455555555555444444444444333333333332222221111111112222222222222111111110000000000000000000000000000000000000000000000000
00000000000000000000000000000000111112222222211111110000000000011111122333344444555555544444444444444444444333333333322222111111111112222222221111111111100000000000000000000000000000000000000000000000
00000000000000000000000000000000111112222222221111111000000000111111223333444455555444444444444344444444444444333333332222211111111111112222211111111111110000000000000000000000000000000000000000000000
00000000000000000000000000000000011112222222221111111100000001111111233334444455444444443333333333334444444444443333333222221111111111111111111111111111111000000000000000000000000000000000000000000000
00000000000000000000000000000000011111122222222111111111111111111112233334444444444444333333333333333444444444444433333322221111111111111111111112221111111100000000000000000000000000000000000000000000
00000000000000000000000000000000011111111222221111111111111111111122333334444444444433333333333333333344444555544443333332222111111111111111111222222221111110000000000000000000000000000000000000000000
00000000000000000000000000000000001111111111111111111111111111111222333344444444444333333333333333333344445555554444333333222111111111111111111222222222211111000000000000000000000000000000000000000000
00000000000000000000000000000000000111111111111111111111111111112223333344444444433333333222223333333344445555555444333333322111111111111111112222223222221111100000000000000000000000000000000000000000
00000000000000000000000000000000000111111111111111111111111111122233333344444443333333322222222333333344445555555544433333322211111111111111122222333333222111100000000000000000000000000000000000000000
00000000000000000000000000000000000011111111111111111111111222222333333344444433333333222222222333333344445555555554433333322211111111111112222223333333322211110000000000000000000000000000000000000000
00000000000000000000000000000000000001111111111111111112222222223333333344444333333332222222222233333344445555555554443333332211111111111122222333333333332211111000000000000000000000000000000000000000
00000000000000000000000000000000000000111111111111111222222222233333333344433333333332222112222333333344455555555554443333332211111111111222223333333333333221111100000000000000000000000000000000000000
00000000000000000000000000000000000000011111111111112222222233333333333333333333333322221111222333333344455555555554443333332221111111112222333333333333333222111110000000000000000000000000000000000000
00000000000000000000000000000000000000001111111111122222233333333333333333333333333322221111222333333344455555555554443333332221111111122223333333333333333322111111000000000000000000000000000000000000
00000000000000000000000000000000000000000111111111122223333333333333333333333333333222211111222333333344445555555554443333332221111111222233333333333333333322211111100000011110000000000000000000000000
00000000000000000000000000000000000000000011111111222233333333333333444433333333333222211111222333333334445555555554443333332222111112222333333333333333333332211111111111111111100000000000000000000000
00000000000000000000000000000000000000000001111111222333333333333344444443333333333222221112222333333334444555555554443333333222111122222333333333333333333332221111111111111111110000000000000000000000
00000000000000000000000000000000000000000001111112223333333333344444444443333333333322222222222333333333444455555554443333333222222222223333333333333333333332221111111111111111111000000000000000000000
00000000000000000000000000000000000000000001111112233333333444444444444444333333333332222222222333333333344445555554443333333222222222223333333333333333333332222111111111111111111100000000000000000000
00000000000000000000000000000000000000000001111122233333344444444444444444333333333333322222223333333333334444455544443333333222222222233333333333333333333332222111111111112111111100000000000000000000
00000000000000000000000000000000000000000001111122333333444444444444444444433333333333333333333333333333333344444444443333333222222222233333333333333333333222222111111122222221111110000000000000000000
00000000000000000000000000000000000000000011111222333333444444444444444444433333333333333333333333333333333334444444444333333322222222333333322222222222222222222111111222222222111110000000000000000000
00000000000000000000000000000000000000000111111223333333444444444444444444443333333333333333333333333333333333444444444333333322222222333333222222222222222222221111112222222222111110000000000000000000
00000000000000000000000000000000000000000111112223333333444444444444444444444433333333333333333333333333333333344444444333333332222233333332222211111111111111111111122222222222111110000000000000000000
00000000000000000000000000000000000000001111112233333333334444444444444444444444444444333333333333333333333333344444444333333333333333333322222111111111111111111111122222222221111100000000000000000000
00000000000000000000000000000000000000001111122233333333333334444444444444444444444444444444433333333333333333334444444333333333333333333322221111111111111111111111122222222221111000000000000000000000
00000000000000000000000000000000000000011111122333333333333333333444444444444444444444444444444333333333333333334444444333333333333333333322221111111101111111111111112222222211111000000000000000000000
00000000000000000000000000000000000000011111222333333333333333333333333444444444444444444444444433333333333333334444444333333333333333333332221111110000001111111111112222222111110000000000000000000000
00000000000000000000000000000000000000111111222333333333333333333333333333333444444444444444444443333333333333334444444333333333333333333332221111110000000111111111112222222111100000000000000000000000
00000000000000000000000000000000000000111112222333333333333333333333333333333333444444444555544444333333333333334444444333333333333333333333222111110000000111111111111222221111100000000000000000000000
00000000000000000000000000000000000000111112222333333333333333333333333333333333333444444555555444433333333333334444444333333333333333333333222111110000000111111111111222211111000000000000000000000000
00000000000000000000000000000000000000111112222333333333333333333333333333333333333334444455555544443333333333344444444333333333333333333333322211111000000111111111111222111111000000000000000000000000
00000000000000000000000000000000000000111112222333333322222223333333333333333333333333444455555554444333333333444444444333333333333333333333332211111000000111111111111121111110000000000000000000000000
00000000000000000000000000000000000000111112222333332222222222222333333333333333333333344455555555444433333333444444444333333333333333333333332221111100000111111111111111111110000000000000000000000000
00000000000000000000000000000000000000111112222333322222222222222222233333333333333333344445555555544443333334444444443333333333333333333333333221111110001111111111111111111100000000000000000000000000
00000000000000000000000000000000000000111112222222222222111112222222222222333333333333334445555555544444333334444444433333333333333333333333333221111111111111111111111111111100000000000000000000000000
00000000000000000000000000000000000001111112222222222211111111111222222222222222333333333444555555544444433333444444333333333333333333333333333222111111111111111111111111111000000000000000000000000000
00000000000000000000000000000000000001111122222222222111111111111111122222222222222233333344445555444444433333333333333333333333333333333333333222111111111111111111111111111000000000000000000000000000
00000000000000000000000000000000000011111122222222221111111111111111111112222222222223333334444444444444433333333333333333333333333333333333333222111111111111111111111111110000000000000000000000000000
00000000000000000000000000000000000011111222222222211111111111111111111111111222222222333333344444444444333333333333333333333333333333333333332222111111111111111111111111110000000000000000000000000000
00000000000000000000000000000000000111111222222222211111111111111111111111111111222222233333333444444443333333333333333333333333333333333333332222111111111111111111111111100000000000000000000000000000
00000000000000000000000000000000001111112222222222211111111111111111111111111111112222223333333333333333333333333333333333333333333333333333322221111111111112222221111111000000000000000000000000000000
00000000000000000000000000000000011111112222222222111111111111111111111111111111122222222233333333333333333333333333333333333333333333333333222221111111111222222221111111000000000000000000000000000000
00000000000000000000000000000000011111112222222222111111111111111111111111111112222222222223333333333333333333333333222233333333333333333322222211111111112222222211111110000000000000000000000000000000
00000000000000000000000000000000111111112222222222111111111111111111111111112222222222222222233333333333333333333332222233333333333333333222222111111111122222222111111110000000000000000000000000000000
00000000000000000000000000000001111111111222222222111111111111111111111222222222222222222222223333333333333333333322222233333333333333332222222111111111122222221111111100000000000000000000000000000000
00000000000000000000000000000001111111111122222221111111111111111112222222222222222222222222222333333333333333333322222333333333333333332222221111111111122222111111111000000000000000000000000000000000
00000000000000000000000000000001111111111111222221111111111111112222222222222223333332222222222233333333333333333322222333333333333333322222221111111111111111111111111000000000000000000000000000000000
00000000000000000000000000000000111111111111111111111111111122222222222223333333333333322222222233333333333333333333233333333333333333332222222111111111111111111111110000000000000000000000000000000000
00000000000000000000000000000000011111111111111111111111122222222222233333333333333333333222222333333333333333333333333333333333333333332222222221111111111111111111100000000000000000000000000000000000
00000000000000000000000000000000000111111111111111111122222222222233333333333333333333333322223333333333443333333333333333333333333333333222222222211111111111111111000000000000000000000000000000000000
00000000000000000000000000000000000001111111111111111222222222223333333333333333333333333333333333333344444433333333333333333344433333333322222222221111111111111110000000000000000000000000000000000000
00000000000000000000000000000000000000011111111111111222222223333333333333333333333333333333333333333344444443333333333333334444443333333333222222221111111111111100000000000000000000000000000000000000
00000000000000000000000000000000000000000011111111112222222333333333333333333333333333333333333333333444444444333333333333344444444333333333332222222111111111110000000000000000000000000000000000000000
00000000000000000000000000000000000000000000111111112222233333333333333333333333333333333333333333334444444444433333333333444444444433333333333322222111111111000000000000000000000000000000000000000000
00000000000000000000000000000000000000000000001111112222333333333333333333333334444443333333333333344444555444443333333334444444444443333333333333222211111111000000000000000000000000000000000000000000
00000000000000000000000000000000000000000000000111112223333333333333333333344444444444433333333333344445555544444333333334444444444444333333333333322211111110000000000000000000000000000000000000000000
00000000000000000000000000000000000000000000000011112223333333333333344444444444444444443333333333444445555554444433333344444444444444433333333333322211111110000000000000000000000000000000000000000000
00000000000000000000000000000000000000000000000011112223333333333444444444444444444444444433333333444445555555444444333344444444444444443333333333332221111110000000000000000000000000000000000000000000
00000000000000000000000000000000000000000000000001111223333333344444444444444444455555444433333333344445555555544444433344444444444444443333333333332221111111000000000000000000000000000000000000000000
00000000000000000000000000000000000000000000000001111223333333444444444444444444555555544443333333344445555555554444443333333444444444444333333333333221111111100000000000000000000000000000000000000000
00000000000000000000000000000000000000000000000001111223333333444444444444444444555555544443333333334444555555555444443333333333333333333333333333333222111111110000000000000000000000000000000000000000
00000000000000000000000000000000000000000000000000111122333333444444444444444444455555544443333333334444455555555444433333333333333333333333333333333222111111111000000000000000000000000000000000000000
00000000000000000000000000000000000000000000000000111122333333344444444433334444445555544433333333333444455555555444433333333333333333333333333333332222111111111100000000000000000000000000000000000000
00000000000000000000000000000000000000000000000000011112233333333444433333333334444444444433333333333344445555555444333333333333333333333333333333332222111111111110000000000000000000000000000000000000
00000000000000000000000000000000000000000000000000011111223333333333333333333333444444444333333333333334444555554444333333333222223333333333333333222221111111111110000000000000000000000000000000000000
00000000000000000000000000000000000000000000000000001111122233333333333333333333334444443333333333333333444455554444333333322222222223333333333322222211111111111110000000000000000000000000000000000000
00000000000000000000000000000000000000000000000000001111112223333333333333333333333344333333333333333333344444544443333333222221122222222332222222221111111111111100000000000000000000000000000000000000
00000000000000000000000000000000000000000000000000000111111222333333333332222333333333333333332222333333344444444443333332222111111122222222222221111111111111110000000000000000000000000000000000000000
00000000000000000000000000000000000000000000000000000011111122223333332222222223333333333333322222233333334444444433333322221111111111122222221111111111111111100000000000000000000000000000000000000000
00000000000000000000000000000000000000000000000000000001111112222222222222222222333333333333222222233333334444444433333322211111111111111111111111111111111100000000000000000000000000000000000000000000
00000000000000000000000000000000000000000000000000000000111111222222222211111122233333333332222222223333333444444433333322211111111111111111111111111111110000000000000000000000000000000000000000000000
00000000000000000000000000000000000000000000000000000000011111112222211111111112222333333322222222223333333444444433333222211111111111111111111111111110000000000000000000000000000000000000000000000000
00000000000000000000000000000000000000000000000000000000001111111111111111111111222223332222222222223333333444444333333222211111111111111111111111100000000000000000000000000000000000000000000000000000
00000000000000000000000000000000000000000000000000000000000111111111111111111111122222222222222222223333333444444333333222111111111111111111111100000000000000000000000000000000000000000000000000000000
00000000000000000000000000000000000000000111100000000000000011111111111111111111112222222222222222223333333344444333333222211111111111111111100000000000000000000000000000000000000000000000000000000000
00000000000000000000000000000000000000011111110000000000000001111111111111111111112222222222222222223333333344444333333222211111111111111100000000000000000000000000000000000000000000000000000000000000
00000000000000000000000000000000000000111111111000000000000000111111111111111111111222222222222222223333333344443333333222211111111111110000000000000000000000000000000000000000000000000000000000000000
00000000000000000000000000000000000001111111111000000000000000111111111111111111111222222222222222233333333334443333333322221111111111100000000000000000000000000000000000000000000000000000000000000000
00000000000000000000000000000000000011111111111000000000000000011111111111111111111222222222222222333333333333333333333322221111111111100000000000000000000000000000000000000000000000000000000000000000
00000000000000000000000000000000000011111111111000000000000000011111111111111111111222222222222222333333333333333333333322222111111111110000000000000000000000000000000000000000000000000000000000000000
00000000000000000000000000000000000011111111111000000000000000011111111111111111112222222222222223333333333333333333333322222211111111110000000000000000000000000000000000000000000000000000000000000000
00000000000000000000000000000000000001111111111000000000000000011111111111111111112222222222222233333333333333333333333322222221111111111000000000000000000000000000000000000000000000000000000000000000
00000000000000000000000000000000000000011111110000000000000000011111111111111111122222222222222233333333333333333333333222222222111111111000000000000000000000000000000000000000000000000000000000000000
00000000000000000000000000000000000000000011000000000000000000011111111111111111122222222222222222333333333333333333332222222222211111111100000000000000000000000000000000000000000000000000000000000000
00000000000000000000000000000000000000000000000000000000000000011111111111111111122222222222222222222233333333333332222222222222211111111100000000000000000000000000000000000000000000000000000000000000
00000000000000000000000000000000000000000000000000000000000000111111111111111111111222222222222222222222222222222222222222222222221111111110000000000000000000000000000000000000000000000000000000000000
00000000000000000000000000000000000000000000000000000000000000111111111111111111111111222222222222222222222222222222222211111111111111111110000000000000000000000000000000000000000000000000000000000000
00000000000000000000000000000000000000000000000000000000000000111111111111111111111111111111111122222222222222211111111111111111111111111110000000000000000000000000000000000000000000000000000000000000
00000000000000000000000000000000000000000000000000000000000000111111111111111111111111111111111111111111111111111111111111111111111111111110000000000000000000000000000000000000000000000000000000000000
00000000000000000000000000000000000000000000000000000000000000011111111111111111111111111111111111111111111111111111111111111111111111111100000000000000000000000000000000000000000000000000000000000000
00000000000000000000000000000000000000000000000000000000000000011111111111111111111111111111111111111111111111111111111111111111111111111100000000000000000000000000000000000000000000000000000000000000
00000000000000000000000000000000000000000000000000000000000000001111111111111111111111111111111111111111111111111111111111111111111111111000000000000000000000000000000000000000000000000000000000000000
00000000000000000000000000000000000000000000000000000000000000001111111111100000000000000111111111111111111111110000000000000011111111111000000000000000000000000000000000000000000000000000000000000000
00000000000000000000000000000000000000000000000000000000000000000111111110000000000000000000000000000000000000000000000000000000111111111000000000000000000000000000000000000000000000000000000000000000
00000000000000000000000000000000000000000000000000000000000000000011111000000000000000000000000000000000000000000000000000000000001111110000000000000000000000000000000000000000000000000000000000000000
00000000000000000000000000000000000000000000000000000000000000000000000000000000000000000000000000000000000000000000000000000000000011110000000000000000000000000000000000000000000000000000000000000000
00000000000000000000000000000000000000000000000000000000000000000000000000000000000000000000000000000000000000000000000000000000000001110000000000000000000000000000000000000000000000000000000000000000
00000000000000000000000000000000000000000000000000000000000000000000000000000000000000000000000000000000000000000000000000000000000000110000000000000000000000000000000000000000000000000000000000000000
00000000000000000000000000000000000000000000000000000000000000000000000000000000000000000000000000000000000000000000000000000000000000000000000000000000000000000000000000000000000000000000000000000000
00000000000000000000000000000000000000000000000000000000000000000000000000000000000000000000000000000000000000000000000000000000000000000000000000000000000000000000000000000000000000000000000000000000
00000000000000000000000000000000000000000000000000000000000000000000000000000000000000000000000000000000000000000000000000000000000000000000000000000000000000000000000000000000000000000000000000000000
00000000000000000000000000000000000000000000000000000000000000000000000000000000000000000000000000000000000000000000000000000000000000000000000000000000000000000000000000000000000000000000000000000000
00000000000000000000000000000000000000000000000000000000000000000000000000000000000000000000000000000000000000000000000000000000000000000000000000000000000000000000000000000000000000000000000000000000
00000000000000000000000000000000000000000000000000000000000000000000000000000000000000000000000000000000000000000000000000000000000000000000000000000000000000000000000000000000000000000000000000000000
00000000000000000000000000000000000000000000000000000000000000000000000000000000000000000000000000000000000000000000000000000000000000000000000000000000000000000000000000000000000000000000000000000000
00000000000000000000000000000000000000000000000000000000000000000000000000000000000000000000000000000000000000000000000000000000000000000000000000000000000000000000000000000000000000000000000000000000
00000000000000000000000000000000000000000000000000000000000000000000000000000000000000000000000000000000000000000000000000000000000000000000000000000000000000000000000000000000000000000000000000000000
00000000000000000000000000000000000000000000000000000000000000000000000000000000000000000000000000000000000000000000000000000000000000000000000000000000000000000000000000000000000000000000000000000000
00000000000000000000000000000000000000000000000000000000000000000000000000000000000000000000000000000000000000000000000000000000000000000000000000000000000000000000000000000000000000000000000000000000
00000000000000000000000000000000000000000000000000000000000000000000000000000000000000000000000000000000000000000000000000000000000000000000000000000000000000000000000000000000000000000000000000000000
00000000000000000000000000000000000000000000000000000000000000000000000000000000000000000000000000000000000000000000000000000000000000000000000000000000000000000000000000000000000000000000000000000000
00000000000000000000000000000000000000000000000000000000000000000000000000000000000000000000000000000000000000000000000000000000000000000000000000000000000000000000000000000000000000000000000000000000
00000000000000000000000000000000000000000000000000000000000000000000000000000000000000000000000000000000000000000000000000000000000000000000000000000000000000000000000000000000000000000000000000000000
00000000000000000000000000000000000000000000000000000000000000000000000000000000000000000000000000000000000000000000000000000000000000000000000000000000000000000000000000000000000000000000000000000000
00000000000000000000000000000000000000000000000000000000000000000000000000000000000000000000000000000000000000000000000000000000000000000000000000000000000000000000000000000000000000000000000000000000
00000000000000000000000000000000000000000000000000000000000000000000000000000000000000000000000000000000000000000000000000000000000000000000000000000000000000000000000000000000000000000000000000000000
00000000000000000000000000000000000000000000000000000000000000000000000000000000000000000000000000000000000000000000000000000000000000000000000000000000000000000000000000000000000000000000000000000000
00000000000000000000000000000000000000000000000000000000000000000000000000000000000000000000000000000000000000000000000000000000000000000000000000000000000000000000000000000000000000000000000000000000
00000000000000000000000000000000000000000000000000000000000000000000000000000000000000000000000000000000000000000000000000000000000000000000000000000000000000000000000000000000000000000000000000000000
00000000000000000000000000000000000000000000000000000000000000000000000000000000000000000000000000000000000000000000000000000000000000000000000000000000000000000000000000000000000000000000000000000000
00000000000000000000000000000000000000000000000000000000000000000000000000000000000000000000000000000000000000000000000000000000000000000000000000000000000000000000000000000000000000000000000000000000
00000000000000000000000000000000000000000000000000000000000000000000000000000000000000000000000000000000000000000000000000000000000000000000000000000000000000000000000000000000000000000000000000000000
00000000000000000000000000000000000000000000000000000000000000000000000000000000000000000000000000000000000000000000000000000000000000000000000000000000000000000000000000000000000000000000000000000000
00000000000000000000000000000000000000000000000000000000000000000000000000000000000000000000000000000000000000000000000000000000000000000000000000000000000000000000000000000000000000000000000000000000
00000000000000000000000000000000000000000000000000000000000000000000000000000000000000000000000000000000000000000000000000000000000000000000000000000000000000000000000000000000000000000000000000000000
00000000000000000000000000000000000000000000000000000000000000000000000000000000000000000000000000000000000000000000000000000000000000000000000000000000000000000000000000000000000000000000000000000000
00000000000000000000000000000000000000000000000000000000000000000000000000000000000000000000000000000000000000000000000000000000000000000000000000000000000000000000000000000000000000000000000000000000
00000000000000000000000000000000000000000000000000000000000000000000000000000000000000000000000000000000000000000000000000000000000000000000000000000000000000000000000000000000000000000000000000000000
00000000000000000000000000000000000000000000000000000000000000000000000000000000000000000000000000000000000000000000000000000000000000000000000000000000000000000000000000000000000000000000000000000000
00000000000000000000000000000000000000000000000000000000000000000000000000000000000000000000000000000000000000000000000000000000000000000000000000000000000000000000000000000000000000000000000000000000
